
print:
(23, 4) (3, 4) (8, 21) (47, 5) (99, 1) 
print:
(23, 4) (8, 21) (3, 4) (16, 3) (47, 5) (99, 1) 
print:
(23, 4) (8, 21) (3, 4) (16, 3) (57, 7) (47, 5) (99, 1) 
print:
(23, 4) (8, 21) (3, 4) (1, 23) (16, 3) (57, 7) (47, 5) (38, 1) (48, 1) (99, 1) (74, 4) 
print:
(23, 4) (8, 21) (3, 4) (1, 23) (16, 3) (57, 7) (38, 1) (48, 1) (99, 1) (74, 4) 
print:
(23, 4) (8, 21) (3, 4) (1, 23) (16, 3) (57, 7) (48, 1) (99, 1) (74, 4) 
print:
(23, 4) (8, 21) (1, 23) (16, 3) (57, 7) (48, 1) (99, 1) (74, 4) 
print:
(23, 4) (8, 21) (1, 23) (16, 3) (74, 4) (57, 7) (99, 1) 
print:
(16, 3) (8, 21) (1, 23) (74, 4) (57, 7) (99, 1) 
min: 1

max: 99

found: (16, 3) 

2 is not found 
